// Created by Crowbar 0.67
version 1
nodes
  0 "ValveBiped.Bip01" -1
  1 "ValveBiped.Bip01_Pelvis" 0
  2 "ValveBiped.Bip01_L_Thigh" 1
  3 "ValveBiped.Bip01_L_Calf" 2
  4 "ValveBiped.Bip01_L_Foot" 3
  5 "ValveBiped.Bip01_R_Thigh" 1
  6 "ValveBiped.Bip01_R_Calf" 5
  7 "ValveBiped.Bip01_R_Foot" 6
  8 "ValveBiped.Bip01_Spine" 0
  9 "ValveBiped.Bip01_Spine1" 8
  10 "ValveBiped.Bip01_Spine2" 9
  11 "ValveBiped.Bip01_Spine4" 10
  12 "ValveBiped.Bip01_Neck1" 11
  13 "ValveBiped.Bip01_Head1" 11
  14 "ValveBiped.Bip01_L_Clavicle" 11
  15 "ValveBiped.Bip01_L_UpperArm" 14
  16 "ValveBiped.Bip01_L_Forearm" 15
  17 "ValveBiped.Bip01_L_Hand" 16
  18 "ValveBiped.Bip01_L_Finger3" 17
  19 "ValveBiped.Bip01_L_Finger31" 18
  20 "ValveBiped.Bip01_L_Finger32" 19
  21 "ValveBiped.Bip01_L_Finger1" 17
  22 "ValveBiped.Bip01_L_Finger11" 21
  23 "ValveBiped.Bip01_L_Finger12" 22
  24 "ValveBiped.Bip01_L_Finger2" 17
  25 "ValveBiped.Bip01_L_Finger21" 24
  26 "ValveBiped.Bip01_L_Finger22" 25
  27 "ValveBiped.Bip01_R_Clavicle" 11
  28 "ValveBiped.Bip01_R_UpperArm" 27
  29 "ValveBiped.Bip01_R_Forearm" 28
  30 "ValveBiped.Bip01_R_Hand" 29
  31 "ValveBiped.Bip01_R_Finger3" 30
  32 "ValveBiped.Bip01_R_Finger31" 31
  33 "ValveBiped.Bip01_R_Finger32" 32
  34 "ValveBiped.Bip01_R_Finger2" 30
  35 "ValveBiped.Bip01_R_Finger21" 34
  36 "ValveBiped.Bip01_R_Finger22" 35
  37 "ValveBiped.Bip01_R_Finger1" 30
  38 "ValveBiped.Bip01_R_Finger11" 37
  39 "ValveBiped.Bip01_R_Finger12" 38
  40 "ValveBiped.HC_BodyCube" 11
  41 "ValveBiped.HC_HeadCube" 40
  42 "ValveBiped.HC_BoneLF" 41
  43 "ValveBiped.HC_BoneLF1" 42
  44 "ValveBiped.HC_BoneRF" 41
  45 "ValveBiped.HC_BoneRF1" 44
  46 "ValveBiped.HC_BoneLB" 40
  47 "ValveBiped.HC_BoneLB1" 46
  48 "ValveBiped.HC_BoneLB2" 47
  49 "ValveBiped.HC_BoneRB" 40
  50 "ValveBiped.HC_BoneRB1" 49
  51 "ValveBiped.HC_BoneRB2" 50
end
skeleton
  time 0
    0 0.000000 1.516078 38.353989 1.570796 0.000000 0.000000
    1 0.000000 0.000000 0.000000 0.000000 0.000000 0.000000
    2 3.890447 0.000000 0.000000 -1.570796 -0.054711 -1.451993
    3 17.591000 0.000000 -0.000001 0.000000 0.000000 0.153903
    4 17.699585 0.000000 0.000000 -0.122557 0.022046 -1.083904
    5 -3.890447 0.000000 0.000000 -1.570797 -0.054711 -1.689600
    6 17.591005 0.000000 0.000000 0.000000 0.000000 0.153903
    7 17.699581 0.000000 0.000002 0.133252 -0.022046 -1.083904
    8 0.000000 3.345131 -2.981898 1.570796 0.052893 1.570796
    9 4.126621 0.000000 0.000000 0.000000 0.000000 -0.109958
    10 3.612873 0.000000 0.000000 0.000000 0.000000 0.157085
    11 9.183983 0.000000 0.000000 0.000000 0.000000 0.173457
    12 3.138092 0.000000 0.000000 3.141592 0.000000 -0.936567
    13 4.149979 -1.375576 0.000000 3.141592 0.000000 -0.533455
    14 1.663036 1.210510 2.595493 1.585881 -1.286514 2.954168
    15 6.028142 0.000004 0.000000 -1.570685 -0.056434 -0.592417
    16 12.693008 0.000000 0.000000 0.000000 0.000000 -0.762857
    17 11.575974 -0.000004 -0.000031 1.151993 -0.002657 0.038189
    18 5.562234 -0.288269 -0.510578 -3.061675 0.198455 -0.005041
    19 5.158504 0.000000 0.000000 -0.070282 -0.005680 0.008797
    20 3.326000 -0.000004 0.000000 0.008885 -0.007390 0.009850
    21 5.591166 -0.279018 1.848877 -3.062784 -0.107159 0.004678
    22 5.293000 0.000000 -0.000004 -0.073575 -0.006250 0.008402
    23 3.079117 0.000000 0.000000 0.006978 -0.006850 0.007920
    24 5.739740 -0.095432 0.607273 -3.063221 0.025568 -0.018370
    25 5.652500 -0.000004 0.000002 -0.067745 -0.006072 0.008532
    26 3.325017 0.000004 0.000000 0.009338 -0.006636 0.008100
    27 1.663048 1.210516 -2.595442 -1.665774 1.282032 2.945760
    28 6.028137 0.000008 0.000000 1.632088 0.067144 -0.580410
    29 12.693005 0.000000 0.000004 0.000000 0.000000 -0.811694
    30 11.599607 0.000004 0.000008 -1.164891 -0.106508 0.028596
    31 5.928188 0.378910 0.637283 2.945638 -0.186886 0.107105
    32 5.074006 0.000000 0.000000 0.000000 0.000000 0.000000
    33 3.326001 0.000004 0.000000 0.000000 -0.000001 0.000000
    34 6.189650 0.568798 -0.554356 2.949214 -0.013682 0.082709
    35 5.511005 0.000000 0.000000 0.000000 0.000000 0.012404
    36 3.325018 0.000000 -0.000004 0.000000 0.000000 -0.009884
    37 5.900461 0.299198 -1.780357 2.948545 0.128545 0.102472
    38 5.248507 0.000000 -0.000002 0.000000 0.000000 0.011838
    39 3.151000 0.000000 -0.000002 0.000000 0.000000 -0.010015
    40 7.600437 -0.908440 0.636362 0.000000 -1.570796 2.973902
    41 0.051795 -3.221541 -2.149796 1.570796 -0.003965 -3.124561
    42 -3.929420 0.000000 0.000000 0.456323 0.600730 -2.513550
    43 13.106236 0.000004 -0.000003 0.000000 0.000000 2.026915
    44 3.929418 0.000000 0.000000 -0.411327 0.538162 -0.583342
    45 13.106233 0.000004 -0.000004 0.000000 0.000000 -2.064136
    46 3.007646 4.344523 0.542816 1.321605 -0.270767 0.706112
    47 10.074757 -0.000008 -0.000004 0.000000 0.000000 -1.630424
    48 10.292011 0.000000 -0.000001 0.000000 0.000000 -0.425803
    49 -2.753414 4.323164 0.558395 1.931780 -0.224239 2.278513
    50 10.074759 0.000008 0.000008 0.000000 0.000000 -1.604180
    51 10.292000 -0.000002 0.000002 0.000000 0.000000 -0.406073
end
triangles
allinonebacup2
  11 -13.144301 -5.299902 58.535404 -0.368991 -0.806080 -0.462689 0.120900 0.078700 1 11 1.000000
  11 -12.585702 -5.114602 57.767105 -0.368991 -0.806080 -0.462689 0.187400 0.066700 1 11 1.000000
  11 -11.484200 -5.769103 58.029003 -0.368991 -0.806080 -0.462689 0.198400 0.130200 1 11 1.000000
allinonebacup2
  11 -6.141100 1.727901 62.551609 1.000000 0.000000 0.000000 0.085100 0.482300 1 11 1.000000
  11 -11.484200 -5.769103 58.029003 0.368991 0.806080 0.462689 0.198400 0.130200 1 11 1.000000
  11 -13.144301 -5.299902 58.535404 0.368991 0.806080 0.462689 0.120900 0.078700 1 11 1.000000
allinonebacup2
  11 -6.141100 1.727901 62.551609 1.000000 0.000000 0.000000 0.085100 0.482300 1 11 1.000000
  11 -13.144301 -5.299902 58.535404 0.368991 0.806080 0.462689 0.120900 0.078700 1 11 1.000000
  11 -11.484200 -5.769103 58.029003 0.368991 0.806080 0.462689 0.198400 0.130200 1 11 1.000000
allinonebacup2
  11 -13.144301 -5.299902 58.535404 0.368991 0.806080 0.462689 0.120900 0.078700 1 11 1.000000
  11 -11.484200 -5.769103 58.029003 0.368991 0.806080 0.462689 0.198400 0.130200 1 11 1.000000
  11 -12.585702 -5.114602 57.767105 0.368991 0.806080 0.462689 0.187400 0.066700 1 11 1.000000
allinonebacup2
  11 -6.141100 1.727901 62.551609 1.000000 0.000000 0.000000 0.085100 0.482300 1 11 1.000000
  11 -13.144301 -5.299902 58.535404 0.368991 0.806080 0.462689 0.120900 0.078700 1 11 1.000000
  11 -5.804900 1.187500 64.471909 0.000000 0.000000 -1.000000 0.059800 0.508300 1 11 1.000000
allinonebacup2
  11 -5.804900 1.187500 64.471909 0.000000 0.000000 -1.000000 0.059800 0.508300 1 11 1.000000
  11 -13.144301 -5.299902 58.535404 0.368991 0.806080 0.462689 0.120900 0.078700 1 11 1.000000
  11 -6.141100 1.727901 62.551609 1.000000 0.000000 0.000000 0.085100 0.482300 1 11 1.000000
allinonebacup2
  11 -4.783400 -0.210999 63.387104 -0.598899 -0.715698 -0.359299 0.156100 0.499500 1 11 1.000000
  11 -5.804900 1.187500 64.471909 0.000000 0.000000 -1.000000 0.059800 0.508300 1 11 1.000000
  11 -6.141100 1.727901 62.551609 1.000000 0.000000 0.000000 0.085100 0.482300 1 11 1.000000
allinonebacup2
  11 12.981700 -6.419500 57.966404 -0.290485 -0.948050 -0.129693 0.194100 0.094300 1 11 1.000000
  11 13.546900 -5.581101 57.592503 -0.072403 -0.365117 -0.928142 0.187400 0.066700 1 11 1.000000
  11 14.382400 -5.482803 57.488705 0.819615 0.375607 -0.432608 0.126300 0.058600 1 11 1.000000
allinonebacup2
  11 12.981700 -6.419500 57.966404 -0.290485 -0.948050 -0.129693 0.194100 0.094300 1 11 1.000000
  11 6.854300 1.052900 64.327011 0.464080 -0.834665 0.296587 0.059800 0.508300 1 11 1.000000
  11 12.362401 -5.525801 57.365204 -0.819866 -0.291188 -0.492980 0.213600 0.120800 1 11 1.000000
allinonebacup2
  11 12.981700 -6.419500 57.966404 -0.290485 -0.948050 -0.129693 0.194100 0.094300 1 11 1.000000
  11 14.382400 -5.482803 57.488705 0.819615 0.375607 -0.432608 0.126300 0.058600 1 11 1.000000
  11 6.854300 1.052900 64.327011 0.464080 -0.834665 0.296587 0.059800 0.508300 1 11 1.000000
allinonebacup2
  11 6.854300 1.052900 64.327011 0.464080 -0.834665 0.296587 0.059800 0.508300 1 11 1.000000
  11 14.382400 -5.482803 57.488705 0.819615 0.375607 -0.432608 0.126300 0.058600 1 11 1.000000
  11 5.629900 2.873601 63.672604 0.558810 0.224204 -0.798414 0.058300 0.516200 1 11 1.000000
allinonebacup2
  11 14.382400 -5.482803 57.488705 0.819615 0.375607 -0.432608 0.126300 0.058600 1 11 1.000000
  11 12.362401 -5.525801 57.365204 -0.819866 -0.291188 -0.492980 0.213600 0.120800 1 11 1.000000
  11 5.629900 2.873601 63.672604 0.558810 0.224204 -0.798414 0.058300 0.516200 1 11 1.000000
allinonebacup2
  11 6.854300 1.052900 64.327011 0.464080 -0.834665 0.296587 0.059800 0.508300 1 11 1.000000
  11 5.629900 2.873601 63.672604 0.558810 0.224204 -0.798414 0.058300 0.516200 1 11 1.000000
  11 12.362401 -5.525801 57.365204 -0.819866 -0.291188 -0.492980 0.213600 0.120800 1 11 1.000000
allinonebacup2
  11 5.767500 -0.336200 63.374508 0.614095 -0.712194 -0.340097 0.156100 0.499500 1 11 1.000000
  11 5.629900 2.873601 63.672604 0.558810 0.224204 -0.798414 0.058300 0.516200 1 11 1.000000
  11 6.854300 1.052900 64.327011 0.464080 -0.834665 0.296587 0.059800 0.508300 1 11 1.000000
allinonebacup2
  11 5.828500 9.056503 65.827209 0.966044 -0.005800 -0.258312 0.813400 0.890800 1 11 1.000000
  11 7.770298 13.841303 69.505905 0.778176 0.606581 0.162795 0.671200 0.982100 1 11 1.000000
  11 5.342300 4.377701 68.944199 0.628499 -0.418700 0.655499 0.691700 0.772600 1 11 1.000000
allinonebacup2
  11 5.342300 4.377701 68.944199 0.628499 -0.418700 0.655499 0.691700 0.772600 1 11 1.000000
  11 0.510400 -0.847401 66.250610 0.074997 -0.882561 0.464179 0.485800 0.611900 1 11 1.000000
  11 5.767500 -0.336200 63.374508 0.614095 -0.712194 -0.340097 0.722800 0.557500 1 11 1.000000
allinonebacup2
  11 5.767500 -0.336200 63.374508 0.614095 -0.712194 -0.340097 0.722800 0.557500 1 11 1.000000
  11 5.828500 9.056503 65.827209 0.966044 -0.005800 -0.258312 0.813400 0.890800 1 11 1.000000
  11 5.342300 4.377701 68.944199 0.628499 -0.418700 0.655499 0.691700 0.772600 1 11 1.000000
allinonebacup2
  11 5.767500 -0.336200 63.374508 0.614095 -0.712194 -0.340097 0.722800 0.557500 1 11 1.000000
  11 6.854300 1.052900 64.327011 0.464080 -0.834665 0.296587 0.864400 0.679000 1 11 1.000000
  11 5.828500 9.056503 65.827209 0.966044 -0.005800 -0.258312 0.813400 0.890800 1 11 1.000000
allinonebacup2
  11 5.828500 9.056503 65.827209 0.966044 -0.005800 -0.258312 0.813400 0.890800 1 11 1.000000
  11 6.854300 1.052900 64.327011 0.464080 -0.834665 0.296587 0.864400 0.679000 1 11 1.000000
  11 5.629900 2.873601 63.672604 0.558810 0.224204 -0.798414 0.877000 0.733800 1 11 1.000000
allinonebacup2
  11 -6.141100 1.727901 62.551609 1.000000 0.000000 0.000000 0.285400 0.447300 1 11 1.000000
  11 -5.804900 1.187500 64.471909 0.000000 0.000000 -1.000000 0.288100 0.378500 1 11 1.000000
  11 -4.783400 -0.210999 63.387104 -0.598899 -0.715698 -0.359299 0.285200 0.563800 1 11 1.000000
allinonebacup2
  11 -4.783400 -0.210999 63.387104 -0.598899 -0.715698 -0.359299 0.285200 0.563800 1 11 1.000000
  11 -5.804900 1.187500 64.471909 0.000000 0.000000 -1.000000 0.288100 0.378500 1 11 1.000000
  11 -4.227298 6.416318 64.354515 -0.887168 0.089089 -0.452765 0.294286 0.267800 1 11 1.000000
allinonebacup2
  11 -4.227298 6.416318 64.354515 -0.887168 0.089089 -0.452765 0.294286 0.267800 1 11 1.000000
  11 0.510400 3.358801 60.736103 -0.037400 -0.020200 -0.999096 0.485400 0.423700 1 11 1.000000
  11 -4.783400 -0.210999 63.387104 -0.598899 -0.715698 -0.359299 0.285200 0.563800 1 11 1.000000
allinonebacup2
  11 -2.789923 8.684709 62.682011 -0.413811 0.523715 -0.744636 0.352016 0.225731 1 11 1.000000
  11 0.510400 3.358801 60.736103 -0.037400 -0.020200 -0.999096 0.485400 0.423700 1 11 1.000000
  11 -4.227298 6.416318 64.354515 -0.887168 0.089089 -0.452765 0.294286 0.267800 1 11 1.000000
allinonebacup2
  11 3.811300 8.668302 62.688709 0.399790 0.474088 -0.784480 0.648000 0.219500 1 11 1.000000
  11 0.510400 3.358801 60.736103 -0.037400 -0.020200 -0.999096 0.485400 0.423700 1 11 1.000000
  11 -2.789923 8.684709 62.682011 -0.413811 0.523715 -0.744636 0.352016 0.225731 1 11 1.000000
allinonebacup2
  11 -2.789923 8.684709 62.682011 -0.413811 0.523715 -0.744636 0.352016 0.225731 1 11 1.000000
  11 0.553745 11.320800 68.127914 0.025713 0.997659 -0.063364 0.484195 0.039727 1 11 1.000000
  11 3.811300 8.668302 62.688709 0.399790 0.474088 -0.784480 0.648000 0.219500 1 11 1.000000
allinonebacup2
  11 7.770298 13.841303 69.505905 0.778176 0.606581 0.162795 0.697200 0.032500 1 11 1.000000
  11 3.811300 8.668302 62.688709 0.399790 0.474088 -0.784480 0.648000 0.219500 1 11 1.000000
  11 0.553745 11.320800 68.127914 0.025713 0.997659 -0.063364 0.484195 0.039727 1 11 1.000000
allinonebacup2
  11 5.828500 9.056503 65.827209 0.966044 -0.005800 -0.258312 0.738600 0.165800 1 11 1.000000
  11 3.811300 8.668302 62.688709 0.399790 0.474088 -0.784480 0.648000 0.219500 1 11 1.000000
  11 7.770298 13.841303 69.505905 0.778176 0.606581 0.162795 0.697200 0.032500 1 11 1.000000
allinonebacup2
  11 3.811300 8.668302 62.688709 0.399790 0.474088 -0.784480 0.648000 0.219500 1 11 1.000000
  11 5.828500 9.056503 65.827209 0.966044 -0.005800 -0.258312 0.738600 0.165800 1 11 1.000000
  11 5.629900 2.873601 63.672604 0.558810 0.224204 -0.798414 0.719600 0.372300 1 11 1.000000
allinonebacup2
  11 5.629900 2.873601 63.672604 0.558810 0.224204 -0.798414 0.719600 0.372300 1 11 1.000000
  11 0.510400 3.358801 60.736103 -0.037400 -0.020200 -0.999096 0.485400 0.423700 1 11 1.000000
  11 3.811300 8.668302 62.688709 0.399790 0.474088 -0.784480 0.648000 0.219500 1 11 1.000000
allinonebacup2
  11 5.629900 2.873601 63.672604 0.558810 0.224204 -0.798414 0.719600 0.372300 1 11 1.000000
  11 5.767500 -0.336200 63.374508 0.614095 -0.712194 -0.340097 0.722800 0.557500 1 11 1.000000
  11 0.510400 3.358801 60.736103 -0.037400 -0.020200 -0.999096 0.485400 0.423700 1 11 1.000000
allinonebacup2
  11 0.510400 3.358801 60.736103 -0.037400 -0.020200 -0.999096 0.485400 0.423700 1 11 1.000000
  11 5.767500 -0.336200 63.374508 0.614095 -0.712194 -0.340097 0.722800 0.557500 1 11 1.000000
  11 -4.783400 -0.210999 63.387104 -0.598899 -0.715698 -0.359299 0.285200 0.563800 1 11 1.000000
allinonebacup2
  11 -4.783400 -0.210999 63.387104 -0.598899 -0.715698 -0.359299 0.285200 0.563800 1 11 1.000000
  11 5.767500 -0.336200 63.374508 0.614095 -0.712194 -0.340097 0.722800 0.557500 1 11 1.000000
  11 0.510400 -0.847401 66.250610 0.074997 -0.882561 0.464179 0.485800 0.611900 1 11 1.000000
allinonebacup2
  11 -4.783400 -0.210999 63.387104 -0.598899 -0.715698 -0.359299 0.285200 0.563800 1 11 1.000000
  11 0.510400 -0.847401 66.250610 0.074997 -0.882561 0.464179 0.485800 0.611900 1 11 1.000000
  11 -2.805057 2.201532 69.498421 -0.430019 -0.519231 0.738568 0.377741 0.723322 1 11 1.000000
allinonebacup2
  11 0.510400 -0.847401 66.250610 0.074997 -0.882561 0.464179 0.485800 0.611900 1 11 1.000000
  11 5.342300 4.377701 68.944199 0.628499 -0.418700 0.655499 0.691700 0.772600 1 11 1.000000
  11 -2.805057 2.201532 69.498421 -0.430019 -0.519231 0.738568 0.377741 0.723322 1 11 1.000000
allinonebacup2
  11 -2.805057 2.201532 69.498421 -0.430019 -0.519231 0.738568 0.377741 0.723322 1 11 1.000000
  11 5.342300 4.377701 68.944199 0.628499 -0.418700 0.655499 0.691700 0.772600 1 11 1.000000
  11 0.510797 8.331932 71.156487 -0.000197 0.150903 0.988548 0.485814 0.883568 1 11 1.000000
allinonebacup2
  11 5.342300 4.377701 68.944199 0.628499 -0.418700 0.655499 0.691700 0.772600 1 11 1.000000
  11 7.770298 13.841303 69.505905 0.778176 0.606581 0.162795 0.671200 0.982100 1 11 1.000000
  11 0.510797 8.331932 71.156487 -0.000197 0.150903 0.988548 0.485814 0.883568 1 11 1.000000
allinonebacup2
  11 0.553745 11.320800 68.127914 0.025713 0.997659 -0.063364 0.488688 0.989220 1 11 1.000000
  11 0.510797 8.331932 71.156487 -0.000197 0.150903 0.988548 0.485814 0.883568 1 11 1.000000
  11 7.770298 13.841303 69.505905 0.778176 0.606581 0.162795 0.671200 0.982100 1 11 1.000000
allinonebacup2
  11 0.553745 11.320800 68.127914 0.025713 0.997659 -0.063364 0.484195 0.039727 1 11 1.000000
  11 -2.789923 8.684709 62.682011 -0.413811 0.523715 -0.744636 0.352016 0.225731 1 11 1.000000
  11 -5.801200 14.513103 69.286705 -0.716532 0.635228 0.288213 0.308100 0.038800 1 11 1.000000
allinonebacup2
  11 -5.801200 14.513103 69.286705 -0.716532 0.635228 0.288213 0.308100 0.038800 1 11 1.000000
  11 -2.789923 8.684709 62.682011 -0.413811 0.523715 -0.744636 0.352016 0.225731 1 11 1.000000
  11 -4.227298 6.416318 64.354515 -0.887168 0.089089 -0.452765 0.294286 0.267800 1 11 1.000000
allinonebacup2
  11 0.553745 11.320800 68.127914 0.025713 0.997659 -0.063364 0.488688 0.989220 1 11 1.000000
  11 -5.801200 14.513103 69.286705 -0.716532 0.635228 0.288213 0.331300 0.988300 1 11 1.000000
  11 0.510797 8.331932 71.156487 -0.000197 0.150903 0.988548 0.485814 0.883568 1 11 1.000000
allinonebacup2
  11 -2.805057 2.201532 69.498421 -0.430019 -0.519231 0.738568 0.377741 0.723322 1 11 1.000000
  11 0.510797 8.331932 71.156487 -0.000197 0.150903 0.988548 0.485814 0.883568 1 11 1.000000
  11 -5.801200 14.513103 69.286705 -0.716532 0.635228 0.288213 0.331300 0.988300 1 11 1.000000
allinonebacup2
  11 -4.227298 6.416318 64.354515 -0.887168 0.089089 -0.452765 0.170549 0.828499 1 11 1.000000
  11 -2.805057 2.201532 69.498421 -0.430019 -0.519231 0.738568 0.377741 0.723322 1 11 1.000000
  11 -5.801200 14.513103 69.286705 -0.716532 0.635228 0.288213 0.331300 0.988300 1 11 1.000000
allinonebacup2
  11 -2.805057 2.201532 69.498421 -0.430019 -0.519231 0.738568 0.377741 0.723322 1 11 1.000000
  11 -4.227298 6.416318 64.354515 -0.887168 0.089089 -0.452765 0.170549 0.828499 1 11 1.000000
  11 -4.783400 -0.210999 63.387104 -0.598899 -0.715698 -0.359299 0.285200 0.563800 1 11 1.000000
allinonebacup2
  11 -4.227298 6.416318 64.354515 -0.887168 0.089089 -0.452765 0.170549 0.828499 1 11 1.000000
  11 -5.804900 1.187500 64.471909 0.000000 0.000000 -1.000000 0.158900 0.685200 1 11 1.000000
  11 -4.783400 -0.210999 63.387104 -0.598899 -0.715698 -0.359299 0.285200 0.563800 1 11 1.000000
allinonebacup2
  11 14.382400 -5.482803 57.488705 0.047098 -0.886263 -0.460781 0.126300 0.058600 1 11 1.000000
  11 13.546900 -5.581101 57.592503 0.099501 -0.714807 -0.692207 0.187400 0.066700 1 11 1.000000
  11 12.362401 -5.525801 57.365204 0.099501 -0.714807 -0.692207 0.213600 0.120800 1 11 1.000000
allinonebacup2
  11 12.362401 -5.525801 57.365204 0.099501 -0.714807 -0.692207 0.213600 0.120800 1 11 1.000000
  11 13.546900 -5.581101 57.592503 0.099501 -0.714807 -0.692207 0.187400 0.066700 1 11 1.000000
  11 12.981700 -6.419500 57.966404 0.143400 -0.482100 -0.864301 0.194100 0.094300 1 11 1.000000
allinonebacup2
  11 5.828500 9.056503 65.827209 0.966044 -0.005800 -0.258312 0.855200 0.040800 1 11 1.000000
  11 11.353100 15.338802 68.025009 1.000000 0.000000 0.000000 0.890700 0.248500 1 11 1.000000
  11 7.770298 13.841303 69.505905 0.778176 0.606581 0.162795 0.949400 0.039100 1 11 1.000000
allinonebacup2
  11 11.353100 15.338802 68.025009 1.000000 0.000000 0.000000 0.890700 0.248500 1 11 1.000000
  11 5.828500 9.056503 65.827209 0.966044 -0.005800 -0.258312 0.855200 0.040800 1 11 1.000000
  11 7.770298 13.841303 69.505905 0.778176 0.606581 0.162795 0.949400 0.039100 1 11 1.000000
end
